time,dataset,classifier,method,run,fold,query,kappa
2025-03-25 02:41:45.364544,mammographic-mass,DecisionTree,class_likelihood_sampling,0,0,0,0.48123857649715085
2025-03-25 02:41:45.383618,mammographic-mass,DecisionTree,class_likelihood_sampling,0,0,1,0.48123857649715085
2025-03-25 02:41:45.402349,mammographic-mass,DecisionTree,class_likelihood_sampling,0,0,2,0.48115433148625664
2025-03-25 02:41:45.423301,mammographic-mass,DecisionTree,class_likelihood_sampling,0,0,3,0.48964301454385184
2025-03-25 02:41:45.442493,mammographic-mass,DecisionTree,class_likelihood_sampling,0,0,4,0.3986200756732695
2025-03-25 02:41:45.461189,mammographic-mass,DecisionTree,class_likelihood_sampling,0,0,5,0.48115433148625664
2025-03-25 02:41:45.481772,mammographic-mass,DecisionTree,class_likelihood_sampling,0,0,6,0.4904850951490485
2025-03-25 02:41:45.501972,mammographic-mass,DecisionTree,class_likelihood_sampling,0,0,7,0.48029895037643566
2025-03-25 02:41:45.522159,mammographic-mass,DecisionTree,class_likelihood_sampling,0,0,8,0.4415570235300541
2025-03-25 02:41:45.540136,mammographic-mass,DecisionTree,class_likelihood_sampling,0,0,9,0.5454346278139892
2025-03-25 02:41:45.558031,mammographic-mass,DecisionTree,class_likelihood_sampling,0,0,10,0.6062744665600706
2025-03-25 02:41:45.575602,mammographic-mass,DecisionTree,class_likelihood_sampling,0,0,11,0.4990335229469266
2025-03-25 02:41:45.593412,mammographic-mass,DecisionTree,class_likelihood_sampling,0,0,12,0.35350602947744525
2025-03-25 02:41:45.611142,mammographic-mass,DecisionTree,class_likelihood_sampling,0,0,13,0.35350602947744525
2025-03-25 02:41:45.628399,mammographic-mass,DecisionTree,class_likelihood_sampling,0,0,14,0.3648128521224967
2025-03-25 02:41:45.645745,mammographic-mass,DecisionTree,class_likelihood_sampling,0,0,15,0.6420466943050404
2025-03-25 02:41:45.663600,mammographic-mass,DecisionTree,class_likelihood_sampling,0,0,16,0.6420466943050404
2025-03-25 02:41:45.681357,mammographic-mass,DecisionTree,class_likelihood_sampling,0,0,17,0.6420466943050404
2025-03-25 02:41:45.699092,mammographic-mass,DecisionTree,class_likelihood_sampling,0,0,18,0.46661507848772943
2025-03-25 02:41:45.716492,mammographic-mass,DecisionTree,class_likelihood_sampling,0,0,19,0.46661507848772943
2025-03-25 02:41:45.733790,mammographic-mass,DecisionTree,class_likelihood_sampling,0,0,20,0.4590866626366984
2025-03-25 02:41:45.750852,mammographic-mass,DecisionTree,class_likelihood_sampling,0,0,21,0.5870412026115104
2025-03-25 02:41:45.768593,mammographic-mass,DecisionTree,class_likelihood_sampling,0,0,22,0.5870412026115104
2025-03-25 02:41:45.786267,mammographic-mass,DecisionTree,class_likelihood_sampling,0,0,23,0.6005881712231783
2025-03-25 02:41:45.803645,mammographic-mass,DecisionTree,class_likelihood_sampling,0,0,24,0.5877197787150135
2025-03-25 02:41:45.821062,mammographic-mass,DecisionTree,class_likelihood_sampling,0,0,25,0.5959673865138828
2025-03-25 02:41:45.838707,mammographic-mass,DecisionTree,class_likelihood_sampling,0,0,26,0.5870412026115104
2025-03-25 02:41:45.856373,mammographic-mass,DecisionTree,class_likelihood_sampling,0,0,27,0.5644300104585237
2025-03-25 02:41:45.874307,mammographic-mass,DecisionTree,class_likelihood_sampling,0,0,28,0.5856773270215225
2025-03-25 02:41:45.891834,mammographic-mass,DecisionTree,class_likelihood_sampling,0,0,29,0.5644300104585237
2025-03-25 02:41:45.909340,mammographic-mass,DecisionTree,class_likelihood_sampling,0,0,30,0.5644300104585237
2025-03-25 02:41:45.927182,mammographic-mass,DecisionTree,class_likelihood_sampling,0,0,31,0.4990335229469266
2025-03-25 02:41:45.944451,mammographic-mass,DecisionTree,class_likelihood_sampling,0,0,32,0.5344808683258415
2025-03-25 02:41:45.962127,mammographic-mass,DecisionTree,class_likelihood_sampling,0,0,33,0.5344808683258415
2025-03-25 02:41:45.979685,mammographic-mass,DecisionTree,class_likelihood_sampling,0,0,34,0.45729723769090813
2025-03-25 02:41:45.997241,mammographic-mass,DecisionTree,class_likelihood_sampling,0,0,35,0.5227235258559104
2025-03-25 02:41:46.014762,mammographic-mass,DecisionTree,class_likelihood_sampling,0,0,36,0.5672882375457975
2025-03-25 02:41:46.032013,mammographic-mass,DecisionTree,class_likelihood_sampling,0,0,37,0.5117148828511715
2025-03-25 02:41:46.049556,mammographic-mass,DecisionTree,class_likelihood_sampling,0,0,38,0.5117148828511715
2025-03-25 02:41:46.067018,mammographic-mass,DecisionTree,class_likelihood_sampling,0,0,39,0.5117148828511715
2025-03-25 02:41:46.084454,mammographic-mass,DecisionTree,class_likelihood_sampling,0,0,40,0.5227235258559104
2025-03-25 02:41:46.101950,mammographic-mass,DecisionTree,class_likelihood_sampling,0,0,41,0.5227235258559104
2025-03-25 02:41:46.119459,mammographic-mass,DecisionTree,class_likelihood_sampling,0,0,42,0.5235090799363582
2025-03-25 02:41:46.137199,mammographic-mass,DecisionTree,class_likelihood_sampling,0,0,43,0.5454346278139892
2025-03-25 02:41:46.154431,mammographic-mass,DecisionTree,class_likelihood_sampling,0,0,44,0.5665772032645013
2025-03-25 02:41:46.171952,mammographic-mass,DecisionTree,class_likelihood_sampling,0,0,45,0.5446864541614089
2025-03-25 02:41:46.189394,mammographic-mass,DecisionTree,class_likelihood_sampling,0,0,46,0.5665772032645013
2025-03-25 02:41:46.206399,mammographic-mass,DecisionTree,class_likelihood_sampling,0,0,47,0.5446864541614089
2025-03-25 02:41:46.223396,mammographic-mass,DecisionTree,class_likelihood_sampling,0,0,48,0.5454346278139892
2025-03-25 02:41:46.240505,mammographic-mass,DecisionTree,class_likelihood_sampling,0,0,49,0.555640828856485
2025-03-25 02:41:46.257696,mammographic-mass,DecisionTree,class_likelihood_sampling,0,0,50,0.5446864541614089
2025-03-25 02:41:46.275210,mammographic-mass,DecisionTree,class_likelihood_sampling,0,0,51,0.5446864541614089
2025-03-25 02:41:46.292785,mammographic-mass,DecisionTree,class_likelihood_sampling,0,0,52,0.5563704028021015
2025-03-25 02:41:46.310259,mammographic-mass,DecisionTree,class_likelihood_sampling,0,0,53,0.5665772032645013
2025-03-25 02:41:46.327700,mammographic-mass,DecisionTree,class_likelihood_sampling,0,0,54,0.5446864541614089
2025-03-25 02:41:46.345382,mammographic-mass,DecisionTree,class_likelihood_sampling,0,0,55,0.5665772032645013
2025-03-25 02:41:46.363342,mammographic-mass,DecisionTree,class_likelihood_sampling,0,0,56,0.5665772032645013
2025-03-25 02:41:46.381206,mammographic-mass,DecisionTree,class_likelihood_sampling,0,0,57,0.5665772032645013
2025-03-25 02:41:46.399285,mammographic-mass,DecisionTree,class_likelihood_sampling,0,0,58,0.5665772032645013
2025-03-25 02:41:46.417051,mammographic-mass,DecisionTree,class_likelihood_sampling,0,0,59,0.5665772032645013
2025-03-25 02:41:46.434785,mammographic-mass,DecisionTree,class_likelihood_sampling,0,0,60,0.46749806864584487
2025-03-25 02:41:46.452528,mammographic-mass,DecisionTree,class_likelihood_sampling,0,0,61,0.4904850951490485
2025-03-25 02:41:46.470610,mammographic-mass,DecisionTree,class_likelihood_sampling,0,0,62,0.5006880607695272
2025-03-25 02:41:46.489026,mammographic-mass,DecisionTree,class_likelihood_sampling,0,0,63,0.5117148828511715
2025-03-25 02:41:46.507146,mammographic-mass,DecisionTree,class_likelihood_sampling,0,0,64,0.5672882375457975
2025-03-25 02:41:46.525919,mammographic-mass,DecisionTree,class_likelihood_sampling,0,0,65,0.602536310427054
2025-03-25 02:41:46.544715,mammographic-mass,DecisionTree,class_likelihood_sampling,0,0,66,0.5141199649737302
2025-03-25 02:41:46.562678,mammographic-mass,DecisionTree,class_likelihood_sampling,0,0,67,0.5484028949230015
2025-03-25 02:41:46.580588,mammographic-mass,DecisionTree,class_likelihood_sampling,0,0,68,0.555640828856485
2025-03-25 02:41:46.599125,mammographic-mass,DecisionTree,class_likelihood_sampling,0,0,69,0.5774956217162872
2025-03-25 02:41:46.618233,mammographic-mass,DecisionTree,class_likelihood_sampling,0,0,70,0.5549088513068307
2025-03-25 02:41:46.636608,mammographic-mass,DecisionTree,class_likelihood_sampling,0,0,71,0.5344808683258415
2025-03-25 02:41:46.655070,mammographic-mass,DecisionTree,class_likelihood_sampling,0,0,72,0.5157102334715251
2025-03-25 02:41:46.673282,mammographic-mass,DecisionTree,class_likelihood_sampling,0,0,73,0.4828566741400995
2025-03-25 02:41:46.690577,mammographic-mass,DecisionTree,class_likelihood_sampling,0,0,74,0.5672882375457975
2025-03-25 02:41:46.708680,mammographic-mass,DecisionTree,class_likelihood_sampling,0,0,75,0.5672882375457975
2025-03-25 02:41:46.727442,mammographic-mass,DecisionTree,class_likelihood_sampling,0,0,76,0.5055867444268818
2025-03-25 02:41:46.745329,mammographic-mass,DecisionTree,class_likelihood_sampling,0,0,77,0.5125192180979574
2025-03-25 02:41:46.763774,mammographic-mass,DecisionTree,class_likelihood_sampling,0,0,78,0.5563704028021015
2025-03-25 02:41:46.782499,mammographic-mass,DecisionTree,class_likelihood_sampling,0,0,79,0.5672882375457975
2025-03-25 02:41:46.801438,mammographic-mass,DecisionTree,class_likelihood_sampling,0,0,80,0.547664468305445
2025-03-25 02:41:46.820245,mammographic-mass,DecisionTree,class_likelihood_sampling,0,0,81,0.5701091975878743
2025-03-25 02:41:46.839518,mammographic-mass,DecisionTree,class_likelihood_sampling,0,0,82,0.5273983784077922
2025-03-25 02:41:46.858857,mammographic-mass,DecisionTree,class_likelihood_sampling,0,0,83,0.5273983784077922
2025-03-25 02:41:46.878219,mammographic-mass,DecisionTree,class_likelihood_sampling,0,0,84,0.5708086998969464
2025-03-25 02:41:46.897862,mammographic-mass,DecisionTree,class_likelihood_sampling,0,0,85,0.5701091975878743
2025-03-25 02:41:46.917603,mammographic-mass,DecisionTree,class_likelihood_sampling,0,0,86,0.5809358375854956
2025-03-25 02:41:46.937324,mammographic-mass,DecisionTree,class_likelihood_sampling,0,0,87,0.5708086998969464
2025-03-25 02:41:46.957370,mammographic-mass,DecisionTree,class_likelihood_sampling,0,0,88,0.5715059294958575
2025-03-25 02:41:46.976480,mammographic-mass,DecisionTree,class_likelihood_sampling,0,0,89,0.5506037797151676
2025-03-25 02:41:46.995525,mammographic-mass,DecisionTree,class_likelihood_sampling,0,0,90,0.5606980273141122
2025-03-25 02:41:47.014552,mammographic-mass,DecisionTree,class_likelihood_sampling,0,0,91,0.5715059294958575
2025-03-25 02:41:47.033327,mammographic-mass,DecisionTree,class_likelihood_sampling,0,0,92,0.5606980273141122
2025-03-25 02:41:47.052595,mammographic-mass,DecisionTree,class_likelihood_sampling,0,0,93,0.5809358375854956
2025-03-25 02:41:47.072474,mammographic-mass,DecisionTree,class_likelihood_sampling,0,0,94,0.5708086998969464
2025-03-25 02:41:47.092016,mammographic-mass,DecisionTree,class_likelihood_sampling,0,0,95,0.5606980273141122
2025-03-25 02:41:47.119115,mammographic-mass,DecisionTree,class_likelihood_sampling,0,0,96,0.6234554519835248
2025-03-25 02:41:47.146032,mammographic-mass,DecisionTree,class_likelihood_sampling,0,0,97,0.6437954619476713
2025-03-25 02:41:47.173631,mammographic-mass,DecisionTree,class_likelihood_sampling,0,0,98,0.6222270552414093
2025-03-25 02:41:47.200766,mammographic-mass,DecisionTree,class_likelihood_sampling,0,0,99,0.6114164444686292
2025-03-25 02:41:47.228230,mammographic-mass,DecisionTree,class_likelihood_sampling,0,0,100,0.5701091975878743
2025-03-25 02:41:47.232461,mammographic-mass,DecisionTree,class_likelihood_sampling,0,1,0,0.3000729090719716
2025-03-25 02:41:47.258997,mammographic-mass,DecisionTree,class_likelihood_sampling,0,1,1,-0.038139534883720794
2025-03-25 02:41:47.285254,mammographic-mass,DecisionTree,class_likelihood_sampling,0,1,2,0.6086256839394915
2025-03-25 02:41:47.306899,mammographic-mass,DecisionTree,class_likelihood_sampling,0,1,3,0.6086256839394915
2025-03-25 02:41:47.325691,mammographic-mass,DecisionTree,class_likelihood_sampling,0,1,4,0.5799359658484525
2025-03-25 02:41:47.344674,mammographic-mass,DecisionTree,class_likelihood_sampling,0,1,5,0.5220338983050847
2025-03-25 02:41:47.362775,mammographic-mass,DecisionTree,class_likelihood_sampling,0,1,6,0.571929079520119
2025-03-25 02:41:47.381501,mammographic-mass,DecisionTree,class_likelihood_sampling,0,1,7,0.5227416966363443
2025-03-25 02:41:47.399929,mammographic-mass,DecisionTree,class_likelihood_sampling,0,1,8,0.6004268943436499
2025-03-25 02:41:47.418442,mammographic-mass,DecisionTree,class_likelihood_sampling,0,1,9,0.628107177445389
2025-03-25 02:41:47.436692,mammographic-mass,DecisionTree,class_likelihood_sampling,0,1,10,0.628107177445389
2025-03-25 02:41:47.454933,mammographic-mass,DecisionTree,class_likelihood_sampling,0,1,11,0.4415062407446583
2025-03-25 02:41:47.473255,mammographic-mass,DecisionTree,class_likelihood_sampling,0,1,12,0.4415062407446583
2025-03-25 02:41:47.491468,mammographic-mass,DecisionTree,class_likelihood_sampling,0,1,13,0.4415062407446583
2025-03-25 02:41:47.509776,mammographic-mass,DecisionTree,class_likelihood_sampling,0,1,14,0.4415062407446583
2025-03-25 02:41:47.527673,mammographic-mass,DecisionTree,class_likelihood_sampling,0,1,15,0.4707940209901409
2025-03-25 02:41:47.545719,mammographic-mass,DecisionTree,class_likelihood_sampling,0,1,16,0.4707940209901409
2025-03-25 02:41:47.562960,mammographic-mass,DecisionTree,class_likelihood_sampling,0,1,17,0.4707940209901409
2025-03-25 02:41:47.580403,mammographic-mass,DecisionTree,class_likelihood_sampling,0,1,18,0.4896331738437002
2025-03-25 02:41:47.597049,mammographic-mass,DecisionTree,class_likelihood_sampling,0,1,19,0.4512543664655446
2025-03-25 02:41:47.613637,mammographic-mass,DecisionTree,class_likelihood_sampling,0,1,20,0.6180645161290322
2025-03-25 02:41:47.630624,mammographic-mass,DecisionTree,class_likelihood_sampling,0,1,21,0.6180645161290322
2025-03-25 02:41:47.647631,mammographic-mass,DecisionTree,class_likelihood_sampling,0,1,22,0.5093174315834309
2025-03-25 02:41:47.664432,mammographic-mass,DecisionTree,class_likelihood_sampling,0,1,23,0.5184631803628602
2025-03-25 02:41:47.681305,mammographic-mass,DecisionTree,class_likelihood_sampling,0,1,24,0.5078500480615187
2025-03-25 02:41:47.698109,mammographic-mass,DecisionTree,class_likelihood_sampling,0,1,25,0.6014421501147165
2025-03-25 02:41:47.715318,mammographic-mass,DecisionTree,class_likelihood_sampling,0,1,26,0.4987212276214834
2025-03-25 02:41:47.732395,mammographic-mass,DecisionTree,class_likelihood_sampling,0,1,27,0.6381649795390911
2025-03-25 02:41:47.750195,mammographic-mass,DecisionTree,class_likelihood_sampling,0,1,28,0.637618636755824
2025-03-25 02:41:47.768404,mammographic-mass,DecisionTree,class_likelihood_sampling,0,1,29,0.4987212276214834
2025-03-25 02:41:47.785529,mammographic-mass,DecisionTree,class_likelihood_sampling,0,1,30,0.5093174315834309
2025-03-25 02:41:47.802762,mammographic-mass,DecisionTree,class_likelihood_sampling,0,1,31,0.44131910766246363
2025-03-25 02:41:47.819706,mammographic-mass,DecisionTree,class_likelihood_sampling,0,1,32,0.4520783975877666
2025-03-25 02:41:47.837076,mammographic-mass,DecisionTree,class_likelihood_sampling,0,1,33,0.5085848352351499
2025-03-25 02:41:47.854623,mammographic-mass,DecisionTree,class_likelihood_sampling,0,1,34,0.5354838709677419
2025-03-25 02:41:47.871970,mammographic-mass,DecisionTree,class_likelihood_sampling,0,1,35,0.5155679622074296
2025-03-25 02:41:47.889108,mammographic-mass,DecisionTree,class_likelihood_sampling,0,1,36,0.5475093733261918
2025-03-25 02:41:47.906290,mammographic-mass,DecisionTree,class_likelihood_sampling,0,1,37,0.5468297392983585
2025-03-25 02:41:47.924250,mammographic-mass,DecisionTree,class_likelihood_sampling,0,1,38,0.4676335715047456
2025-03-25 02:41:47.942013,mammographic-mass,DecisionTree,class_likelihood_sampling,0,1,39,0.27687506725492306
2025-03-25 02:41:47.959278,mammographic-mass,DecisionTree,class_likelihood_sampling,0,1,40,0.4309304541124166
2025-03-25 02:41:47.976502,mammographic-mass,DecisionTree,class_likelihood_sampling,0,1,41,0.18048780487804872
2025-03-25 02:41:47.993233,mammographic-mass,DecisionTree,class_likelihood_sampling,0,1,42,0.4504399448743771
2025-03-25 02:41:48.010526,mammographic-mass,DecisionTree,class_likelihood_sampling,0,1,43,0.3768886997233455
2025-03-25 02:41:48.027529,mammographic-mass,DecisionTree,class_likelihood_sampling,0,1,44,0.39821504462388435
2025-03-25 02:41:48.044616,mammographic-mass,DecisionTree,class_likelihood_sampling,0,1,45,0.3768886997233455
2025-03-25 02:41:48.061742,mammographic-mass,DecisionTree,class_likelihood_sampling,0,1,46,0.3778155546111347
2025-03-25 02:41:48.078926,mammographic-mass,DecisionTree,class_likelihood_sampling,0,1,47,0.3564588210257502
2025-03-25 02:41:48.096799,mammographic-mass,DecisionTree,class_likelihood_sampling,0,1,48,0.39821504462388435
2025-03-25 02:41:48.114132,mammographic-mass,DecisionTree,class_likelihood_sampling,0,1,49,0.4070918964966457
2025-03-25 02:41:48.131715,mammographic-mass,DecisionTree,class_likelihood_sampling,0,1,50,0.39821504462388435
2025-03-25 02:41:48.149229,mammographic-mass,DecisionTree,class_likelihood_sampling,0,1,51,0.3778155546111347
2025-03-25 02:41:48.166818,mammographic-mass,DecisionTree,class_likelihood_sampling,0,1,52,0.35837046467218336
2025-03-25 02:41:48.184774,mammographic-mass,DecisionTree,class_likelihood_sampling,0,1,53,0.3787396562698918
2025-03-25 02:41:48.202228,mammographic-mass,DecisionTree,class_likelihood_sampling,0,1,54,0.3787396562698918
2025-03-25 02:41:48.220308,mammographic-mass,DecisionTree,class_likelihood_sampling,0,1,55,0.43984723106301715
2025-03-25 02:41:48.238130,mammographic-mass,DecisionTree,class_likelihood_sampling,0,1,56,0.46603914857203976
2025-03-25 02:41:48.255219,mammographic-mass,DecisionTree,class_likelihood_sampling,0,1,57,0.47591522157996147
2025-03-25 02:41:48.272290,mammographic-mass,DecisionTree,class_likelihood_sampling,0,1,58,0.44383649822980364
2025-03-25 02:41:48.289733,mammographic-mass,DecisionTree,class_likelihood_sampling,0,1,59,0.43481053307642903
2025-03-25 02:41:48.307605,mammographic-mass,DecisionTree,class_likelihood_sampling,0,1,60,0.5468297392983585
2025-03-25 02:41:48.325571,mammographic-mass,DecisionTree,class_likelihood_sampling,0,1,61,0.45536287732819525
2025-03-25 02:41:48.343611,mammographic-mass,DecisionTree,class_likelihood_sampling,0,1,62,0.4364994663820705
2025-03-25 02:41:48.362058,mammographic-mass,DecisionTree,class_likelihood_sampling,0,1,63,0.5041429032605187
2025-03-25 02:41:48.379883,mammographic-mass,DecisionTree,class_likelihood_sampling,0,1,64,0.45536287732819525
2025-03-25 02:41:48.397741,mammographic-mass,DecisionTree,class_likelihood_sampling,0,1,65,0.6169111302847282
2025-03-25 02:41:48.415737,mammographic-mass,DecisionTree,class_likelihood_sampling,0,1,66,0.6770833333333333
2025-03-25 02:41:48.434090,mammographic-mass,DecisionTree,class_likelihood_sampling,0,1,67,0.5541153596889177
2025-03-25 02:41:48.452614,mammographic-mass,DecisionTree,class_likelihood_sampling,0,1,68,0.5955930006480881
2025-03-25 02:41:48.471092,mammographic-mass,DecisionTree,class_likelihood_sampling,0,1,69,0.6359696641386783
2025-03-25 02:41:48.489685,mammographic-mass,DecisionTree,class_likelihood_sampling,0,1,70,0.6241435562805873
2025-03-25 02:41:48.508453,mammographic-mass,DecisionTree,class_likelihood_sampling,0,1,71,0.6439402203556235
2025-03-25 02:41:48.527263,mammographic-mass,DecisionTree,class_likelihood_sampling,0,1,72,0.6461021359644368
2025-03-25 02:41:48.545604,mammographic-mass,DecisionTree,class_likelihood_sampling,0,1,73,0.6241435562805873
2025-03-25 02:41:48.564242,mammographic-mass,DecisionTree,class_likelihood_sampling,0,1,74,0.5226462004107664
2025-03-25 02:41:48.581042,mammographic-mass,DecisionTree,class_likelihood_sampling,0,1,75,0.59375
2025-03-25 02:41:48.598069,mammographic-mass,DecisionTree,class_likelihood_sampling,0,1,76,0.6387096774193548
2025-03-25 02:41:48.615485,mammographic-mass,DecisionTree,class_likelihood_sampling,0,1,77,0.6387096774193548
2025-03-25 02:41:48.633837,mammographic-mass,DecisionTree,class_likelihood_sampling,0,1,78,0.6086256839394915
2025-03-25 02:41:48.651825,mammographic-mass,DecisionTree,class_likelihood_sampling,0,1,79,0.6583261432269197
2025-03-25 02:41:48.669799,mammographic-mass,DecisionTree,class_likelihood_sampling,0,1,80,0.5634946411172459
2025-03-25 02:41:48.688153,mammographic-mass,DecisionTree,class_likelihood_sampling,0,1,81,0.6471732785644795
2025-03-25 02:41:48.706367,mammographic-mass,DecisionTree,class_likelihood_sampling,0,1,82,0.6664132913454229
2025-03-25 02:41:48.724687,mammographic-mass,DecisionTree,class_likelihood_sampling,0,1,83,0.6365209865858936
2025-03-25 02:41:48.742913,mammographic-mass,DecisionTree,class_likelihood_sampling,0,1,84,0.665905383360522
2025-03-25 02:41:48.761241,mammographic-mass,DecisionTree,class_likelihood_sampling,0,1,85,0.6258525495290679
2025-03-25 02:41:48.779356,mammographic-mass,DecisionTree,class_likelihood_sampling,0,1,86,0.6134087940792338
2025-03-25 02:41:48.797681,mammographic-mass,DecisionTree,class_likelihood_sampling,0,1,87,0.6765920452075636
2025-03-25 02:41:48.815981,mammographic-mass,DecisionTree,class_likelihood_sampling,0,1,88,0.6455641220545119
2025-03-25 02:41:48.834243,mammographic-mass,DecisionTree,class_likelihood_sampling,0,1,89,0.6337475474166121
2025-03-25 02:41:48.852098,mammographic-mass,DecisionTree,class_likelihood_sampling,0,1,90,0.6643723369387087
2025-03-25 02:41:48.870490,mammographic-mass,DecisionTree,class_likelihood_sampling,0,1,91,0.6541484716157205
2025-03-25 02:41:48.888762,mammographic-mass,DecisionTree,class_likelihood_sampling,0,1,92,0.6643723369387087
2025-03-25 02:41:48.907344,mammographic-mass,DecisionTree,class_likelihood_sampling,0,1,93,0.6536190684452219
2025-03-25 02:41:48.925536,mammographic-mass,DecisionTree,class_likelihood_sampling,0,1,94,0.6541484716157205
2025-03-25 02:41:48.943771,mammographic-mass,DecisionTree,class_likelihood_sampling,0,1,95,0.6026576625639909
2025-03-25 02:41:48.962001,mammographic-mass,DecisionTree,class_likelihood_sampling,0,1,96,0.6032626427406199
2025-03-25 02:41:48.980144,mammographic-mass,DecisionTree,class_likelihood_sampling,0,1,97,0.6337475474166121
2025-03-25 02:41:48.997986,mammographic-mass,DecisionTree,class_likelihood_sampling,0,1,98,0.6433956079973779
2025-03-25 02:41:49.015785,mammographic-mass,DecisionTree,class_likelihood_sampling,0,1,99,0.68773717879215
2025-03-25 02:41:49.033367,mammographic-mass,DecisionTree,class_likelihood_sampling,0,1,100,0.6433956079973779
2025-03-25 02:41:49.036014,mammographic-mass,DecisionTree,class_likelihood_sampling,0,2,0,0.5540316336688419
2025-03-25 02:41:49.052981,mammographic-mass,DecisionTree,class_likelihood_sampling,0,2,1,0.5540316336688419
2025-03-25 02:41:49.070513,mammographic-mass,DecisionTree,class_likelihood_sampling,0,2,2,0.5540316336688419
2025-03-25 02:41:49.088129,mammographic-mass,DecisionTree,class_likelihood_sampling,0,2,3,0.5540316336688419
2025-03-25 02:41:49.105843,mammographic-mass,DecisionTree,class_likelihood_sampling,0,2,4,0.5540316336688419
2025-03-25 02:41:49.123521,mammographic-mass,DecisionTree,class_likelihood_sampling,0,2,5,0.5540316336688419
2025-03-25 02:41:49.141213,mammographic-mass,DecisionTree,class_likelihood_sampling,0,2,6,0.5540316336688419
2025-03-25 02:41:49.158977,mammographic-mass,DecisionTree,class_likelihood_sampling,0,2,7,0.5423503325942349
2025-03-25 02:41:49.176944,mammographic-mass,DecisionTree,class_likelihood_sampling,0,2,8,0.5519502166907434
2025-03-25 02:41:49.194289,mammographic-mass,DecisionTree,class_likelihood_sampling,0,2,9,0.5519502166907434
2025-03-25 02:41:49.211631,mammographic-mass,DecisionTree,class_likelihood_sampling,0,2,10,0.48794310478942104
2025-03-25 02:41:49.229107,mammographic-mass,DecisionTree,class_likelihood_sampling,0,2,11,0.48794310478942104
2025-03-25 02:41:49.246320,mammographic-mass,DecisionTree,class_likelihood_sampling,0,2,12,0.48794310478942104
2025-03-25 02:41:49.263618,mammographic-mass,DecisionTree,class_likelihood_sampling,0,2,13,0.3857207004939379
2025-03-25 02:41:49.280826,mammographic-mass,DecisionTree,class_likelihood_sampling,0,2,14,0.4990006662225184
2025-03-25 02:41:49.299089,mammographic-mass,DecisionTree,class_likelihood_sampling,0,2,15,-0.27201051248357433
2025-03-25 02:41:49.316453,mammographic-mass,DecisionTree,class_likelihood_sampling,0,2,16,0.275637361381045
2025-03-25 02:41:49.333686,mammographic-mass,DecisionTree,class_likelihood_sampling,0,2,17,0.4072743601257296
2025-03-25 02:41:49.351249,mammographic-mass,DecisionTree,class_likelihood_sampling,0,2,18,0.41941986784634344
2025-03-25 02:41:49.369223,mammographic-mass,DecisionTree,class_likelihood_sampling,0,2,19,0.5526461777432597
2025-03-25 02:41:49.386381,mammographic-mass,DecisionTree,class_likelihood_sampling,0,2,20,0.5526461777432597
2025-03-25 02:41:49.403428,mammographic-mass,DecisionTree,class_likelihood_sampling,0,2,21,0.5526461777432597
2025-03-25 02:41:49.420545,mammographic-mass,DecisionTree,class_likelihood_sampling,0,2,22,0.5526461777432597
2025-03-25 02:41:49.438001,mammographic-mass,DecisionTree,class_likelihood_sampling,0,2,23,0.5526461777432597
2025-03-25 02:41:49.454969,mammographic-mass,DecisionTree,class_likelihood_sampling,0,2,24,0.5526461777432597
2025-03-25 02:41:49.472033,mammographic-mass,DecisionTree,class_likelihood_sampling,0,2,25,0.5526461777432597
2025-03-25 02:41:49.489128,mammographic-mass,DecisionTree,class_likelihood_sampling,0,2,26,0.5526461777432597
2025-03-25 02:41:49.506297,mammographic-mass,DecisionTree,class_likelihood_sampling,0,2,27,0.5526461777432597
2025-03-25 02:41:49.523344,mammographic-mass,DecisionTree,class_likelihood_sampling,0,2,28,0.5526461777432597
2025-03-25 02:41:49.541142,mammographic-mass,DecisionTree,class_likelihood_sampling,0,2,29,0.5526461777432597
2025-03-25 02:41:49.558941,mammographic-mass,DecisionTree,class_likelihood_sampling,0,2,30,0.5526461777432597
2025-03-25 02:41:49.576760,mammographic-mass,DecisionTree,class_likelihood_sampling,0,2,31,0.5526461777432597
2025-03-25 02:41:49.594559,mammographic-mass,DecisionTree,class_likelihood_sampling,0,2,32,0.5526461777432597
2025-03-25 02:41:49.612275,mammographic-mass,DecisionTree,class_likelihood_sampling,0,2,33,0.5526461777432597
2025-03-25 02:41:49.630094,mammographic-mass,DecisionTree,class_likelihood_sampling,0,2,34,0.5519502166907434
2025-03-25 02:41:49.648125,mammographic-mass,DecisionTree,class_likelihood_sampling,0,2,35,0.5519502166907434
2025-03-25 02:41:49.666139,mammographic-mass,DecisionTree,class_likelihood_sampling,0,2,36,0.5519502166907434
2025-03-25 02:41:49.684210,mammographic-mass,DecisionTree,class_likelihood_sampling,0,2,37,0.5519502166907434
2025-03-25 02:41:49.702575,mammographic-mass,DecisionTree,class_likelihood_sampling,0,2,38,0.5519502166907434
2025-03-25 02:41:49.720383,mammographic-mass,DecisionTree,class_likelihood_sampling,0,2,39,0.5519502166907434
2025-03-25 02:41:49.738298,mammographic-mass,DecisionTree,class_likelihood_sampling,0,2,40,0.5519502166907434
2025-03-25 02:41:49.756600,mammographic-mass,DecisionTree,class_likelihood_sampling,0,2,41,0.5519502166907434
2025-03-25 02:41:49.774670,mammographic-mass,DecisionTree,class_likelihood_sampling,0,2,42,0.5519502166907434
2025-03-25 02:41:49.793288,mammographic-mass,DecisionTree,class_likelihood_sampling,0,2,43,0.54163890739507
2025-03-25 02:41:49.812374,mammographic-mass,DecisionTree,class_likelihood_sampling,0,2,44,0.5526461777432597
2025-03-25 02:41:49.830113,mammographic-mass,DecisionTree,class_likelihood_sampling,0,2,45,0.5526461777432597
2025-03-25 02:41:49.847888,mammographic-mass,DecisionTree,class_likelihood_sampling,0,2,46,0.54163890739507
2025-03-25 02:41:49.865677,mammographic-mass,DecisionTree,class_likelihood_sampling,0,2,47,0.5195729537366549
2025-03-25 02:41:49.883525,mammographic-mass,DecisionTree,class_likelihood_sampling,0,2,48,0.5195729537366549
2025-03-25 02:41:49.901325,mammographic-mass,DecisionTree,class_likelihood_sampling,0,2,49,0.5195729537366549
2025-03-25 02:41:49.919033,mammographic-mass,DecisionTree,class_likelihood_sampling,0,2,50,0.5195729537366549
2025-03-25 02:41:49.937089,mammographic-mass,DecisionTree,class_likelihood_sampling,0,2,51,0.5195729537366549
2025-03-25 02:41:49.955141,mammographic-mass,DecisionTree,class_likelihood_sampling,0,2,52,0.5195729537366549
2025-03-25 02:41:49.973733,mammographic-mass,DecisionTree,class_likelihood_sampling,0,2,53,0.5195729537366549
2025-03-25 02:41:49.991836,mammographic-mass,DecisionTree,class_likelihood_sampling,0,2,54,0.5195729537366549
2025-03-25 02:41:50.009975,mammographic-mass,DecisionTree,class_likelihood_sampling,0,2,55,0.5195729537366549
2025-03-25 02:41:50.028042,mammographic-mass,DecisionTree,class_likelihood_sampling,0,2,56,0.5195729537366549
2025-03-25 02:41:50.046045,mammographic-mass,DecisionTree,class_likelihood_sampling,0,2,57,0.5195729537366549
2025-03-25 02:41:50.064063,mammographic-mass,DecisionTree,class_likelihood_sampling,0,2,58,0.47523427041499333
2025-03-25 02:41:50.082265,mammographic-mass,DecisionTree,class_likelihood_sampling,0,2,59,0.47523427041499333
2025-03-25 02:41:50.100199,mammographic-mass,DecisionTree,class_likelihood_sampling,0,2,60,0.47523427041499333
2025-03-25 02:41:50.118158,mammographic-mass,DecisionTree,class_likelihood_sampling,0,2,61,0.47523427041499333
2025-03-25 02:41:50.136130,mammographic-mass,DecisionTree,class_likelihood_sampling,0,2,62,0.5195729537366549
2025-03-25 02:41:50.154243,mammographic-mass,DecisionTree,class_likelihood_sampling,0,2,63,0.5195729537366549
2025-03-25 02:41:50.172521,mammographic-mass,DecisionTree,class_likelihood_sampling,0,2,64,0.5085141903171952
2025-03-25 02:41:50.190996,mammographic-mass,DecisionTree,class_likelihood_sampling,0,2,65,0.5077471853750976
2025-03-25 02:41:50.209046,mammographic-mass,DecisionTree,class_likelihood_sampling,0,2,66,0.5108009305417083
2025-03-25 02:41:50.227152,mammographic-mass,DecisionTree,class_likelihood_sampling,0,2,67,0.4871452420701169
2025-03-25 02:41:50.245433,mammographic-mass,DecisionTree,class_likelihood_sampling,0,2,68,0.5765795567317235
2025-03-25 02:41:50.263220,mammographic-mass,DecisionTree,class_likelihood_sampling,0,2,69,0.5887521968365553
2025-03-25 02:41:50.281125,mammographic-mass,DecisionTree,class_likelihood_sampling,0,2,70,0.55472114853672
2025-03-25 02:41:50.299234,mammographic-mass,DecisionTree,class_likelihood_sampling,0,2,71,0.46660740082231356
2025-03-25 02:41:50.317701,mammographic-mass,DecisionTree,class_likelihood_sampling,0,2,72,0.47686832740213525
2025-03-25 02:41:50.336368,mammographic-mass,DecisionTree,class_likelihood_sampling,0,2,73,0.4997782705099778
2025-03-25 02:41:50.355092,mammographic-mass,DecisionTree,class_likelihood_sampling,0,2,74,0.5100410518140464
2025-03-25 02:41:50.373894,mammographic-mass,DecisionTree,class_likelihood_sampling,0,2,75,0.5554085345683096
2025-03-25 02:41:50.391812,mammographic-mass,DecisionTree,class_likelihood_sampling,0,2,76,0.5077471853750976
2025-03-25 02:41:50.410457,mammographic-mass,DecisionTree,class_likelihood_sampling,0,2,77,0.5643125968563205
2025-03-25 02:41:50.428948,mammographic-mass,DecisionTree,class_likelihood_sampling,0,2,78,0.5430595528005313
2025-03-25 02:41:50.446838,mammographic-mass,DecisionTree,class_likelihood_sampling,0,2,79,0.49743818222321223
2025-03-25 02:41:50.465433,mammographic-mass,DecisionTree,class_likelihood_sampling,0,2,80,0.4863448890870583
2025-03-25 02:41:50.484305,mammographic-mass,DecisionTree,class_likelihood_sampling,0,2,81,0.5100410518140464
2025-03-25 02:41:50.503426,mammographic-mass,DecisionTree,class_likelihood_sampling,0,2,82,0.6309314586994728
2025-03-25 02:41:50.521987,mammographic-mass,DecisionTree,class_likelihood_sampling,0,2,83,0.5778828185115972
2025-03-25 02:41:50.541394,mammographic-mass,DecisionTree,class_likelihood_sampling,0,2,84,0.6104408861592454
2025-03-25 02:41:50.560927,mammographic-mass,DecisionTree,class_likelihood_sampling,0,2,85,0.5683263873656503
2025-03-25 02:41:50.578726,mammographic-mass,DecisionTree,class_likelihood_sampling,0,2,86,0.5778828185115972
2025-03-25 02:41:50.596393,mammographic-mass,DecisionTree,class_likelihood_sampling,0,2,87,0.6200945366604376
2025-03-25 02:41:50.614217,mammographic-mass,DecisionTree,class_likelihood_sampling,0,2,88,0.5996048732301613
2025-03-25 02:41:50.632067,mammographic-mass,DecisionTree,class_likelihood_sampling,0,2,89,0.5574580177807047
2025-03-25 02:41:50.651286,mammographic-mass,DecisionTree,class_likelihood_sampling,0,2,90,0.566996699669967
2025-03-25 02:41:50.669310,mammographic-mass,DecisionTree,class_likelihood_sampling,0,2,91,0.566996699669967
2025-03-25 02:41:50.687472,mammographic-mass,DecisionTree,class_likelihood_sampling,0,2,92,0.5092788087565285
2025-03-25 02:41:50.706003,mammographic-mass,DecisionTree,class_likelihood_sampling,0,2,93,0.4809092915471198
2025-03-25 02:41:50.723949,mammographic-mass,DecisionTree,class_likelihood_sampling,0,2,94,0.47849223946784925
2025-03-25 02:41:50.742560,mammographic-mass,DecisionTree,class_likelihood_sampling,0,2,95,0.5225464190981433
2025-03-25 02:41:50.761264,mammographic-mass,DecisionTree,class_likelihood_sampling,0,2,96,0.5005534646889529
2025-03-25 02:41:50.779870,mammographic-mass,DecisionTree,class_likelihood_sampling,0,2,97,0.5540316336688419
2025-03-25 02:41:50.799253,mammographic-mass,DecisionTree,class_likelihood_sampling,0,2,98,0.5335173937051353
2025-03-25 02:41:50.818337,mammographic-mass,DecisionTree,class_likelihood_sampling,0,2,99,0.5451740855002204
2025-03-25 02:41:50.836645,mammographic-mass,DecisionTree,class_likelihood_sampling,0,2,100,0.5887521968365553
2025-03-25 02:41:50.839671,mammographic-mass,DecisionTree,class_likelihood_sampling,0,3,0,0.45617785378366815
2025-03-25 02:41:50.859232,mammographic-mass,DecisionTree,class_likelihood_sampling,0,3,1,0.5100478468899521
2025-03-25 02:41:50.880063,mammographic-mass,DecisionTree,class_likelihood_sampling,0,3,2,0.5100478468899521
2025-03-25 02:41:50.900832,mammographic-mass,DecisionTree,class_likelihood_sampling,0,3,3,0.5100478468899521
2025-03-25 02:41:50.921562,mammographic-mass,DecisionTree,class_likelihood_sampling,0,3,4,0.5100478468899521
2025-03-25 02:41:50.942413,mammographic-mass,DecisionTree,class_likelihood_sampling,0,3,5,0.26222868418319667
2025-03-25 02:41:50.960988,mammographic-mass,DecisionTree,class_likelihood_sampling,0,3,6,0.26222868418319667
2025-03-25 02:41:50.979594,mammographic-mass,DecisionTree,class_likelihood_sampling,0,3,7,0.26222868418319667
2025-03-25 02:41:50.998104,mammographic-mass,DecisionTree,class_likelihood_sampling,0,3,8,0.37642744892613944
2025-03-25 02:41:51.016883,mammographic-mass,DecisionTree,class_likelihood_sampling,0,3,9,0.38603480813587754
2025-03-25 02:41:51.035875,mammographic-mass,DecisionTree,class_likelihood_sampling,0,3,10,0.4707940209901409
2025-03-25 02:41:51.055026,mammographic-mass,DecisionTree,class_likelihood_sampling,0,3,11,0.38603480813587754
2025-03-25 02:41:51.073476,mammographic-mass,DecisionTree,class_likelihood_sampling,0,3,12,0.47236021562202735
2025-03-25 02:41:51.092636,mammographic-mass,DecisionTree,class_likelihood_sampling,0,3,13,0.5002124946876327
2025-03-25 02:41:51.111633,mammographic-mass,DecisionTree,class_likelihood_sampling,0,3,14,0.5100478468899521
2025-03-25 02:41:51.130715,mammographic-mass,DecisionTree,class_likelihood_sampling,0,3,15,0.5100478468899521
2025-03-25 02:41:51.150458,mammographic-mass,DecisionTree,class_likelihood_sampling,0,3,16,0.5100478468899521
2025-03-25 02:41:51.170230,mammographic-mass,DecisionTree,class_likelihood_sampling,0,3,17,0.5009548058561426
2025-03-25 02:41:51.189667,mammographic-mass,DecisionTree,class_likelihood_sampling,0,3,18,0.5100478468899521
2025-03-25 02:41:51.209804,mammographic-mass,DecisionTree,class_likelihood_sampling,0,3,19,0.5002124946876327
2025-03-25 02:41:51.229597,mammographic-mass,DecisionTree,class_likelihood_sampling,0,3,20,0.5100478468899521
2025-03-25 02:41:51.249947,mammographic-mass,DecisionTree,class_likelihood_sampling,0,3,21,0.5100478468899521
2025-03-25 02:41:51.270478,mammographic-mass,DecisionTree,class_likelihood_sampling,0,3,22,0.5100478468899521
2025-03-25 02:41:51.290187,mammographic-mass,DecisionTree,class_likelihood_sampling,0,3,23,0.5100478468899521
2025-03-25 02:41:51.309502,mammographic-mass,DecisionTree,class_likelihood_sampling,0,3,24,0.5100478468899521
2025-03-25 02:41:51.328803,mammographic-mass,DecisionTree,class_likelihood_sampling,0,3,25,0.5100478468899521
2025-03-25 02:41:51.347283,mammographic-mass,DecisionTree,class_likelihood_sampling,0,3,26,0.5100478468899521
2025-03-25 02:41:51.365990,mammographic-mass,DecisionTree,class_likelihood_sampling,0,3,27,0.5100478468899521
2025-03-25 02:41:51.385842,mammographic-mass,DecisionTree,class_likelihood_sampling,0,3,28,0.4578005115089514
2025-03-25 02:41:51.404137,mammographic-mass,DecisionTree,class_likelihood_sampling,0,3,29,0.5100478468899521
2025-03-25 02:41:51.423634,mammographic-mass,DecisionTree,class_likelihood_sampling,0,3,30,0.5002124946876327
2025-03-25 02:41:51.441715,mammographic-mass,DecisionTree,class_likelihood_sampling,0,3,31,0.5100478468899521
2025-03-25 02:41:51.460021,mammographic-mass,DecisionTree,class_likelihood_sampling,0,3,32,0.5100478468899521
2025-03-25 02:41:51.478675,mammographic-mass,DecisionTree,class_likelihood_sampling,0,3,33,0.6721022476862054
2025-03-25 02:41:51.495485,mammographic-mass,DecisionTree,class_likelihood_sampling,0,3,34,0.5100478468899521
2025-03-25 02:41:51.513879,mammographic-mass,DecisionTree,class_likelihood_sampling,0,3,35,0.5100478468899521
2025-03-25 02:41:51.532849,mammographic-mass,DecisionTree,class_likelihood_sampling,0,3,36,0.4987212276214834
2025-03-25 02:41:51.551521,mammographic-mass,DecisionTree,class_likelihood_sampling,0,3,37,0.5093174315834309
2025-03-25 02:41:51.570578,mammographic-mass,DecisionTree,class_likelihood_sampling,0,3,38,0.5093174315834309
2025-03-25 02:41:51.589821,mammographic-mass,DecisionTree,class_likelihood_sampling,0,3,39,0.4994679719089168
2025-03-25 02:41:51.609023,mammographic-mass,DecisionTree,class_likelihood_sampling,0,3,40,0.4994679719089168
2025-03-25 02:41:51.628038,mammographic-mass,DecisionTree,class_likelihood_sampling,0,3,41,0.46603914857203976
2025-03-25 02:41:51.646370,mammographic-mass,DecisionTree,class_likelihood_sampling,0,3,42,0.5093174315834309
2025-03-25 02:41:51.665771,mammographic-mass,DecisionTree,class_likelihood_sampling,0,3,43,0.5093174315834309
2025-03-25 02:41:51.684790,mammographic-mass,DecisionTree,class_likelihood_sampling,0,3,44,0.5093174315834309
2025-03-25 02:41:51.703821,mammographic-mass,DecisionTree,class_likelihood_sampling,0,3,45,0.5093174315834309
2025-03-25 02:41:51.722880,mammographic-mass,DecisionTree,class_likelihood_sampling,0,3,46,0.4994679719089168
2025-03-25 02:41:51.741187,mammographic-mass,DecisionTree,class_likelihood_sampling,0,3,47,0.5093174315834309
2025-03-25 02:41:51.759827,mammographic-mass,DecisionTree,class_likelihood_sampling,0,3,48,0.5093174315834309
2025-03-25 02:41:51.778422,mammographic-mass,DecisionTree,class_likelihood_sampling,0,3,49,0.5093174315834309
2025-03-25 02:41:51.797355,mammographic-mass,DecisionTree,class_likelihood_sampling,0,3,50,0.5093174315834309
2025-03-25 02:41:51.816321,mammographic-mass,DecisionTree,class_likelihood_sampling,0,3,51,0.5093174315834309
2025-03-25 02:41:51.835251,mammographic-mass,DecisionTree,class_likelihood_sampling,0,3,52,0.4994679719089168
2025-03-25 02:41:51.854601,mammographic-mass,DecisionTree,class_likelihood_sampling,0,3,53,0.4994679719089168
2025-03-25 02:41:51.874013,mammographic-mass,DecisionTree,class_likelihood_sampling,0,3,54,0.4994679719089168
2025-03-25 02:41:51.893368,mammographic-mass,DecisionTree,class_likelihood_sampling,0,3,55,0.4994679719089168
2025-03-25 02:41:51.912031,mammographic-mass,DecisionTree,class_likelihood_sampling,0,3,56,0.4994679719089168
2025-03-25 02:41:51.930483,mammographic-mass,DecisionTree,class_likelihood_sampling,0,3,57,0.4994679719089168
2025-03-25 02:41:51.949504,mammographic-mass,DecisionTree,class_likelihood_sampling,0,3,58,0.48734380006408207
2025-03-25 02:41:51.967737,mammographic-mass,DecisionTree,class_likelihood_sampling,0,3,59,0.48734380006408207
2025-03-25 02:41:51.986136,mammographic-mass,DecisionTree,class_likelihood_sampling,0,3,60,0.48734380006408207
2025-03-25 02:41:52.004500,mammographic-mass,DecisionTree,class_likelihood_sampling,0,3,61,0.4774813233724653
2025-03-25 02:41:52.022883,mammographic-mass,DecisionTree,class_likelihood_sampling,0,3,62,0.48734380006408207
2025-03-25 02:41:52.041444,mammographic-mass,DecisionTree,class_likelihood_sampling,0,3,63,0.4774813233724653
2025-03-25 02:41:52.060043,mammographic-mass,DecisionTree,class_likelihood_sampling,0,3,64,0.46842721754871686
2025-03-25 02:41:52.079130,mammographic-mass,DecisionTree,class_likelihood_sampling,0,3,65,0.5191815856777493
2025-03-25 02:41:52.097929,mammographic-mass,DecisionTree,class_likelihood_sampling,0,3,66,0.4790380932113216
2025-03-25 02:41:52.116704,mammographic-mass,DecisionTree,class_likelihood_sampling,0,3,67,0.4994679719089168
2025-03-25 02:41:52.135423,mammographic-mass,DecisionTree,class_likelihood_sampling,0,3,68,0.4994679719089168
2025-03-25 02:41:52.154237,mammographic-mass,DecisionTree,class_likelihood_sampling,0,3,69,0.4994679719089168
2025-03-25 02:41:52.173192,mammographic-mass,DecisionTree,class_likelihood_sampling,0,3,70,0.4994679719089168
2025-03-25 02:41:52.192123,mammographic-mass,DecisionTree,class_likelihood_sampling,0,3,71,0.5276500160444968
2025-03-25 02:41:52.210547,mammographic-mass,DecisionTree,class_likelihood_sampling,0,3,72,0.6200945366604376
2025-03-25 02:41:52.228322,mammographic-mass,DecisionTree,class_likelihood_sampling,0,3,73,0.641751728679618
2025-03-25 02:41:52.245710,mammographic-mass,DecisionTree,class_likelihood_sampling,0,3,74,0.641751728679618
2025-03-25 02:41:52.263066,mammographic-mass,DecisionTree,class_likelihood_sampling,0,3,75,0.641751728679618
2025-03-25 02:41:52.280391,mammographic-mass,DecisionTree,class_likelihood_sampling,0,3,76,0.641751728679618
2025-03-25 02:41:52.297726,mammographic-mass,DecisionTree,class_likelihood_sampling,0,3,77,0.641751728679618
2025-03-25 02:41:52.315032,mammographic-mass,DecisionTree,class_likelihood_sampling,0,3,78,0.6520210896309314
2025-03-25 02:41:52.332421,mammographic-mass,DecisionTree,class_likelihood_sampling,0,3,79,0.641751728679618
2025-03-25 02:41:52.349778,mammographic-mass,DecisionTree,class_likelihood_sampling,0,3,80,0.641751728679618
2025-03-25 02:41:52.366997,mammographic-mass,DecisionTree,class_likelihood_sampling,0,3,81,0.6520210896309314
2025-03-25 02:41:52.384153,mammographic-mass,DecisionTree,class_likelihood_sampling,0,3,82,0.641751728679618
2025-03-25 02:41:52.401349,mammographic-mass,DecisionTree,class_likelihood_sampling,0,3,83,0.641751728679618
2025-03-25 02:41:52.418522,mammographic-mass,DecisionTree,class_likelihood_sampling,0,3,84,0.6309314586994728
2025-03-25 02:41:52.435712,mammographic-mass,DecisionTree,class_likelihood_sampling,0,3,85,0.6309314586994728
2025-03-25 02:41:52.452917,mammographic-mass,DecisionTree,class_likelihood_sampling,0,3,86,0.6412003957348577
2025-03-25 02:41:52.470003,mammographic-mass,DecisionTree,class_likelihood_sampling,0,3,87,0.6326262847146293
2025-03-25 02:41:52.487622,mammographic-mass,DecisionTree,class_likelihood_sampling,0,3,88,0.6309314586994728
2025-03-25 02:41:52.504570,mammographic-mass,DecisionTree,class_likelihood_sampling,0,3,89,0.6309314586994728
2025-03-25 02:41:52.521584,mammographic-mass,DecisionTree,class_likelihood_sampling,0,3,90,0.6303630363036303
2025-03-25 02:41:52.538660,mammographic-mass,DecisionTree,class_likelihood_sampling,0,3,91,0.6303630363036303
2025-03-25 02:41:52.555710,mammographic-mass,DecisionTree,class_likelihood_sampling,0,3,92,0.6092409240924093
2025-03-25 02:41:52.572330,mammographic-mass,DecisionTree,class_likelihood_sampling,0,3,93,0.6195089728063414
2025-03-25 02:41:52.589146,mammographic-mass,DecisionTree,class_likelihood_sampling,0,3,94,0.6092409240924093
2025-03-25 02:41:52.605886,mammographic-mass,DecisionTree,class_likelihood_sampling,0,3,95,0.6086381665932129
2025-03-25 02:41:52.622608,mammographic-mass,DecisionTree,class_likelihood_sampling,0,3,96,0.5977505788951373
2025-03-25 02:41:52.639479,mammographic-mass,DecisionTree,class_likelihood_sampling,0,3,97,0.6423013698630137
2025-03-25 02:41:52.656245,mammographic-mass,DecisionTree,class_likelihood_sampling,0,3,98,0.5971286581998896
2025-03-25 02:41:52.673210,mammographic-mass,DecisionTree,class_likelihood_sampling,0,3,99,0.6177414002875787
2025-03-25 02:41:52.690059,mammographic-mass,DecisionTree,class_likelihood_sampling,0,3,100,0.5855656409121098
2025-03-25 02:41:52.692703,mammographic-mass,DecisionTree,class_likelihood_sampling,0,4,0,0.30102151706150837
2025-03-25 02:41:52.710226,mammographic-mass,DecisionTree,class_likelihood_sampling,0,4,1,0.4350433044636909
2025-03-25 02:41:52.728466,mammographic-mass,DecisionTree,class_likelihood_sampling,0,4,2,0.07955712818171434
2025-03-25 02:41:52.745806,mammographic-mass,DecisionTree,class_likelihood_sampling,0,4,3,0.07955712818171434
2025-03-25 02:41:52.762867,mammographic-mass,DecisionTree,class_likelihood_sampling,0,4,4,0.07955712818171434
2025-03-25 02:41:52.780035,mammographic-mass,DecisionTree,class_likelihood_sampling,0,4,5,0.2070604209097081
2025-03-25 02:41:52.797301,mammographic-mass,DecisionTree,class_likelihood_sampling,0,4,6,0.5342375124048958
2025-03-25 02:41:52.815614,mammographic-mass,DecisionTree,class_likelihood_sampling,0,4,7,0.5123136388735505
2025-03-25 02:41:52.834045,mammographic-mass,DecisionTree,class_likelihood_sampling,0,4,8,0.4239359928880987
2025-03-25 02:41:52.852113,mammographic-mass,DecisionTree,class_likelihood_sampling,0,4,9,0.5342375124048958
2025-03-25 02:41:52.870817,mammographic-mass,DecisionTree,class_likelihood_sampling,0,4,10,0.5342375124048958
2025-03-25 02:41:52.889269,mammographic-mass,DecisionTree,class_likelihood_sampling,0,4,11,0.5342375124048958
2025-03-25 02:41:52.907873,mammographic-mass,DecisionTree,class_likelihood_sampling,0,4,12,0.5342375124048958
2025-03-25 02:41:52.926335,mammographic-mass,DecisionTree,class_likelihood_sampling,0,4,13,0.5560938016073984
2025-03-25 02:41:52.946093,mammographic-mass,DecisionTree,class_likelihood_sampling,0,4,14,0.5451740855002204
2025-03-25 02:41:52.964968,mammographic-mass,DecisionTree,class_likelihood_sampling,0,4,15,0.5451740855002204
2025-03-25 02:41:52.983498,mammographic-mass,DecisionTree,class_likelihood_sampling,0,4,16,0.5306145127236359
2025-03-25 02:41:53.001994,mammographic-mass,DecisionTree,class_likelihood_sampling,0,4,17,0.5451740855002204
2025-03-25 02:41:53.021088,mammographic-mass,DecisionTree,class_likelihood_sampling,0,4,18,0.26078586796512293
2025-03-25 02:41:53.037913,mammographic-mass,DecisionTree,class_likelihood_sampling,0,4,19,0.128075419636698
2025-03-25 02:41:53.054179,mammographic-mass,DecisionTree,class_likelihood_sampling,0,4,20,0.5313436147786531
2025-03-25 02:41:53.072217,mammographic-mass,DecisionTree,class_likelihood_sampling,0,4,21,0.5225464190981433
2025-03-25 02:41:53.090154,mammographic-mass,DecisionTree,class_likelihood_sampling,0,4,22,0.5218065087447421
2025-03-25 02:41:53.108358,mammographic-mass,DecisionTree,class_likelihood_sampling,0,4,23,0.5218065087447421
2025-03-25 02:41:53.126259,mammographic-mass,DecisionTree,class_likelihood_sampling,0,4,24,0.5320704553007644
2025-03-25 02:41:53.144179,mammographic-mass,DecisionTree,class_likelihood_sampling,0,4,25,0.44440734557595996
2025-03-25 02:41:53.162099,mammographic-mass,DecisionTree,class_likelihood_sampling,0,4,26,0.5430595528005313
2025-03-25 02:41:53.180059,mammographic-mass,DecisionTree,class_likelihood_sampling,0,4,27,0.47849223946784925
2025-03-25 02:41:53.197985,mammographic-mass,DecisionTree,class_likelihood_sampling,0,4,28,0.5335173937051353
2025-03-25 02:41:53.216429,mammographic-mass,DecisionTree,class_likelihood_sampling,0,4,29,0.5005534646889529
2025-03-25 02:41:53.234720,mammographic-mass,DecisionTree,class_likelihood_sampling,0,4,30,0.5444714191127786
2025-03-25 02:41:53.253280,mammographic-mass,DecisionTree,class_likelihood_sampling,0,4,31,0.5437665782493368
2025-03-25 02:41:53.272400,mammographic-mass,DecisionTree,class_likelihood_sampling,0,4,32,0.40534666376874595
2025-03-25 02:41:53.289635,mammographic-mass,DecisionTree,class_likelihood_sampling,0,4,33,0.54163890739507
2025-03-25 02:41:53.308517,mammographic-mass,DecisionTree,class_likelihood_sampling,0,4,34,0.5327950447959297
2025-03-25 02:41:53.327565,mammographic-mass,DecisionTree,class_likelihood_sampling,0,4,35,0.5437665782493368
2025-03-25 02:41:53.346599,mammographic-mass,DecisionTree,class_likelihood_sampling,0,4,36,0.6960698689956333
2025-03-25 02:41:53.364513,mammographic-mass,DecisionTree,class_likelihood_sampling,0,4,37,0.5327950447959297
2025-03-25 02:41:53.383585,mammographic-mass,DecisionTree,class_likelihood_sampling,0,4,38,0.4863448890870583
2025-03-25 02:41:53.402094,mammographic-mass,DecisionTree,class_likelihood_sampling,0,4,39,0.5327950447959297
2025-03-25 02:41:53.421170,mammographic-mass,DecisionTree,class_likelihood_sampling,0,4,40,0.5327950447959297
2025-03-25 02:41:53.440158,mammographic-mass,DecisionTree,class_likelihood_sampling,0,4,41,0.5327950447959297
2025-03-25 02:41:53.459365,mammographic-mass,DecisionTree,class_likelihood_sampling,0,4,42,0.38727823453050625
2025-03-25 02:41:53.476608,mammographic-mass,DecisionTree,class_likelihood_sampling,0,4,43,0.38165938864628823
2025-03-25 02:41:53.494007,mammographic-mass,DecisionTree,class_likelihood_sampling,0,4,44,0.4863448890870583
2025-03-25 02:41:53.512490,mammographic-mass,DecisionTree,class_likelihood_sampling,0,4,45,0.6080335466784375
2025-03-25 02:41:53.530567,mammographic-mass,DecisionTree,class_likelihood_sampling,0,4,46,0.5519502166907434
2025-03-25 02:41:53.548307,mammographic-mass,DecisionTree,class_likelihood_sampling,0,4,47,0.5437665782493368
2025-03-25 02:41:53.567630,mammographic-mass,DecisionTree,class_likelihood_sampling,0,4,48,0.54163890739507
2025-03-25 02:41:53.585392,mammographic-mass,DecisionTree,class_likelihood_sampling,0,4,49,0.5519502166907434
2025-03-25 02:41:53.603441,mammographic-mass,DecisionTree,class_likelihood_sampling,0,4,50,0.6074270557029178
2025-03-25 02:41:53.621897,mammographic-mass,DecisionTree,class_likelihood_sampling,0,4,51,0.6080335466784375
2025-03-25 02:41:53.640285,mammographic-mass,DecisionTree,class_likelihood_sampling,0,4,52,0.5519502166907434
2025-03-25 02:41:53.658678,mammographic-mass,DecisionTree,class_likelihood_sampling,0,4,53,0.54163890739507
2025-03-25 02:41:53.676859,mammographic-mass,DecisionTree,class_likelihood_sampling,0,4,54,0.5519502166907434
2025-03-25 02:41:53.695009,mammographic-mass,DecisionTree,class_likelihood_sampling,0,4,55,0.4108493150684931
2025-03-25 02:41:53.712556,mammographic-mass,DecisionTree,class_likelihood_sampling,0,4,56,0.6080335466784375
2025-03-25 02:41:53.730636,mammographic-mass,DecisionTree,class_likelihood_sampling,0,4,57,0.6080335466784375
2025-03-25 02:41:53.748685,mammographic-mass,DecisionTree,class_likelihood_sampling,0,4,58,0.549344978165939
2025-03-25 02:41:53.766800,mammographic-mass,DecisionTree,class_likelihood_sampling,0,4,59,0.5989886775860174
2025-03-25 02:41:53.785217,mammographic-mass,DecisionTree,class_likelihood_sampling,0,4,60,0.609841827768014
2025-03-25 02:41:53.803572,mammographic-mass,DecisionTree,class_likelihood_sampling,0,4,61,0.609841827768014
2025-03-25 02:41:53.822125,mammographic-mass,DecisionTree,class_likelihood_sampling,0,4,62,0.6086381665932129
2025-03-25 02:41:53.840858,mammographic-mass,DecisionTree,class_likelihood_sampling,0,4,63,0.6086381665932129
2025-03-25 02:41:53.859218,mammographic-mass,DecisionTree,class_likelihood_sampling,0,4,64,0.6086381665932129
2025-03-25 02:41:53.877934,mammographic-mass,DecisionTree,class_likelihood_sampling,0,4,65,0.6092409240924093
2025-03-25 02:41:53.896856,mammographic-mass,DecisionTree,class_likelihood_sampling,0,4,66,0.6086381665932129
2025-03-25 02:41:53.915902,mammographic-mass,DecisionTree,class_likelihood_sampling,0,4,67,0.5574580177807047
2025-03-25 02:41:53.934697,mammographic-mass,DecisionTree,class_likelihood_sampling,0,4,68,0.5081752779594506
2025-03-25 02:41:53.953902,mammographic-mass,DecisionTree,class_likelihood_sampling,0,4,69,0.5983705824066938
2025-03-25 02:41:53.973670,mammographic-mass,DecisionTree,class_likelihood_sampling,0,4,70,0.5874834728955487
2025-03-25 02:41:53.993189,mammographic-mass,DecisionTree,class_likelihood_sampling,0,4,71,0.5868461708232178
2025-03-25 02:41:54.012686,mammographic-mass,DecisionTree,class_likelihood_sampling,0,4,72,0.5983705824066938
2025-03-25 02:41:54.031508,mammographic-mass,DecisionTree,class_likelihood_sampling,0,4,73,0.5868461708232178
2025-03-25 02:41:54.051261,mammographic-mass,DecisionTree,class_likelihood_sampling,0,4,74,0.5868461708232178
2025-03-25 02:41:54.071021,mammographic-mass,DecisionTree,class_likelihood_sampling,0,4,75,0.5868461708232178
2025-03-25 02:41:54.090857,mammographic-mass,DecisionTree,class_likelihood_sampling,0,4,76,0.5868461708232178
2025-03-25 02:41:54.110423,mammographic-mass,DecisionTree,class_likelihood_sampling,0,4,77,0.5765795567317235
2025-03-25 02:41:54.130749,mammographic-mass,DecisionTree,class_likelihood_sampling,0,4,78,0.5765795567317235
2025-03-25 02:41:54.150909,mammographic-mass,DecisionTree,class_likelihood_sampling,0,4,79,0.5765795567317235
2025-03-25 02:41:54.170875,mammographic-mass,DecisionTree,class_likelihood_sampling,0,4,80,0.5868461708232178
2025-03-25 02:41:54.191230,mammographic-mass,DecisionTree,class_likelihood_sampling,0,4,81,0.5874834728955487
2025-03-25 02:41:54.211439,mammographic-mass,DecisionTree,class_likelihood_sampling,0,4,82,0.5874834728955487
2025-03-25 02:41:54.231648,mammographic-mass,DecisionTree,class_likelihood_sampling,0,4,83,0.5874834728955487
2025-03-25 02:41:54.251666,mammographic-mass,DecisionTree,class_likelihood_sampling,0,4,84,0.5874834728955487
2025-03-25 02:41:54.271755,mammographic-mass,DecisionTree,class_likelihood_sampling,0,4,85,0.5874834728955487
2025-03-25 02:41:54.292359,mammographic-mass,DecisionTree,class_likelihood_sampling,0,4,86,0.5874834728955487
2025-03-25 02:41:54.312894,mammographic-mass,DecisionTree,class_likelihood_sampling,0,4,87,0.5874834728955487
2025-03-25 02:41:54.333304,mammographic-mass,DecisionTree,class_likelihood_sampling,0,4,88,0.5874834728955487
2025-03-25 02:41:54.353184,mammographic-mass,DecisionTree,class_likelihood_sampling,0,4,89,0.5874834728955487
2025-03-25 02:41:54.372752,mammographic-mass,DecisionTree,class_likelihood_sampling,0,4,90,0.5868461708232178
2025-03-25 02:41:54.392075,mammographic-mass,DecisionTree,class_likelihood_sampling,0,4,91,0.5868461708232178
2025-03-25 02:41:54.411836,mammographic-mass,DecisionTree,class_likelihood_sampling,0,4,92,0.5868461708232178
2025-03-25 02:41:54.432056,mammographic-mass,DecisionTree,class_likelihood_sampling,0,4,93,0.5868461708232178
2025-03-25 02:41:54.451789,mammographic-mass,DecisionTree,class_likelihood_sampling,0,4,94,0.5874834728955487
2025-03-25 02:41:54.471740,mammographic-mass,DecisionTree,class_likelihood_sampling,0,4,95,0.5874834728955487
2025-03-25 02:41:54.491668,mammographic-mass,DecisionTree,class_likelihood_sampling,0,4,96,0.5874834728955487
2025-03-25 02:41:54.511511,mammographic-mass,DecisionTree,class_likelihood_sampling,0,4,97,0.5868461708232178
2025-03-25 02:41:54.531685,mammographic-mass,DecisionTree,class_likelihood_sampling,0,4,98,0.5868461708232178
2025-03-25 02:41:54.551694,mammographic-mass,DecisionTree,class_likelihood_sampling,0,4,99,0.5868461708232178
2025-03-25 02:41:54.571598,mammographic-mass,DecisionTree,class_likelihood_sampling,0,4,100,0.5868461708232178
